4.999999999999726885e-04
1.499999999999918066e-03
2.499999999999863443e-03
3.499999999999808820e-03
4.499999999999754197e-03
5.499999999999699574e-03
6.499999999999644951e-03
7.499999999999590328e-03
8.499999999999535705e-03
9.499999999999481082e-03
1.049999999999942646e-02
1.149999999999937184e-02
1.249999999999931721e-02
1.349999999999926259e-02
1.449999999999920797e-02
1.549999999999915334e-02
1.649999999999909872e-02
1.749999999999904410e-02
1.849999999999898948e-02
1.949999999999893485e-02
2.049999999999888023e-02
2.149999999999882561e-02
2.249999999999877098e-02
2.349999999999871636e-02
2.449999999999866174e-02
2.549999999999860711e-02
2.649999999999855249e-02
2.749999999999849787e-02
2.849999999999844325e-02
2.949999999999838862e-02
3.049999999999833400e-02
3.149999999999827938e-02
3.249999999999822475e-02
3.349999999999817013e-02
3.449999999999811551e-02
3.549999999999806088e-02
3.649999999999800626e-02
3.749999999999795164e-02
3.849999999999789702e-02
3.949999999999784239e-02
4.049999999999778777e-02
4.149999999999773315e-02
4.249999999999767852e-02
4.349999999999762390e-02
4.449999999999756928e-02
4.549999999999751465e-02
4.649999999999746003e-02
4.749999999999740541e-02
4.849999999999735079e-02
4.949999999999729616e-02
5.049999999999724154e-02
5.149999999999718692e-02
5.249999999999713229e-02
5.349999999999707767e-02
5.449999999999702305e-02
5.549999999999696843e-02
5.649999999999691380e-02
5.749999999999685918e-02
5.849999999999680456e-02
5.949999999999674993e-02
6.049999999999669531e-02
6.149999999999664069e-02
6.249999999999658606e-02
6.349999999999653144e-02
6.449999999999647682e-02
6.549999999999642220e-02
6.649999999999636757e-02
6.749999999999631295e-02
6.849999999999625833e-02
6.949999999999620370e-02
7.049999999999614908e-02
7.149999999999609446e-02
7.249999999999603983e-02
7.349999999999598521e-02
7.449999999999593059e-02
7.549999999999587597e-02
7.649999999999582134e-02
7.749999999999576672e-02
7.849999999999571210e-02
7.949999999999565747e-02
8.049999999999560285e-02
8.149999999999554823e-02
8.249999999999549360e-02
8.349999999999543898e-02
8.449999999999538436e-02
8.549999999999532974e-02
8.649999999999527511e-02
8.749999999999522049e-02
8.849999999999516587e-02
8.949999999999511124e-02
9.049999999999505662e-02
9.149999999999500200e-02
9.249999999999494738e-02
9.349999999999489275e-02
9.449999999999483813e-02
9.549999999999478351e-02
9.649999999999472888e-02
9.749999999999467426e-02
9.849999999999461964e-02
9.949999999999456501e-02
1.004999999999945104e-01
1.014999999999944558e-01
1.024999999999944011e-01
1.034999999999943465e-01
1.044999999999942919e-01
1.054999999999942373e-01
1.064999999999941827e-01
1.074999999999941280e-01
1.084999999999940734e-01
1.094999999999940188e-01
1.104999999999939642e-01
1.114999999999939095e-01
1.124999999999938549e-01
1.134999999999938003e-01
1.144999999999937457e-01
1.154999999999936910e-01
1.164999999999936364e-01
1.174999999999935818e-01
1.184999999999935272e-01
1.194999999999934726e-01
1.204999999999934179e-01
1.214999999999933633e-01
1.224999999999933087e-01
1.234999999999932541e-01
1.244999999999931994e-01
1.254999999999931448e-01
1.264999999999930902e-01
1.274999999999930356e-01
1.284999999999929809e-01
1.294999999999929263e-01
1.304999999999928717e-01
1.314999999999928171e-01
1.324999999999927625e-01
1.334999999999927078e-01
1.344999999999926532e-01
1.354999999999925986e-01
1.364999999999925440e-01
1.374999999999924893e-01
1.384999999999924347e-01
1.394999999999923801e-01
1.404999999999923255e-01
1.414999999999922708e-01
1.424999999999922162e-01
1.434999999999921616e-01
1.444999999999921070e-01
1.454999999999920524e-01
1.464999999999919977e-01
1.474999999999919431e-01
1.484999999999918885e-01
1.494999999999918339e-01
1.504999999999917792e-01
1.514999999999917246e-01
1.524999999999916700e-01
1.534999999999916154e-01
1.544999999999915608e-01
1.554999999999915061e-01
1.564999999999914515e-01
1.574999999999913969e-01
1.584999999999913423e-01
1.594999999999912876e-01
1.604999999999912330e-01
1.614999999999911784e-01
1.624999999999911238e-01
1.634999999999910691e-01
1.644999999999910145e-01
1.654999999999909599e-01
1.664999999999909053e-01
1.674999999999908507e-01
1.684999999999907960e-01
1.694999999999907414e-01
1.704999999999906868e-01
1.714999999999906322e-01
1.724999999999905775e-01
1.734999999999905229e-01
1.744999999999904683e-01
1.754999999999904137e-01
1.764999999999903590e-01
1.774999999999903044e-01
1.784999999999902498e-01
1.794999999999901952e-01
1.804999999999901406e-01
1.814999999999900859e-01
1.824999999999900313e-01
1.834999999999899767e-01
1.844999999999899221e-01
1.854999999999898674e-01
1.864999999999898128e-01
1.874999999999897582e-01
1.884999999999897036e-01
1.894999999999896489e-01
1.904999999999895943e-01
1.914999999999895397e-01
1.924999999999894851e-01
1.934999999999894305e-01
1.944999999999893758e-01
1.954999999999893212e-01
1.964999999999892666e-01
1.974999999999892120e-01
1.984999999999891573e-01
1.994999999999891027e-01
2.004999999999890481e-01
2.014999999999889935e-01
2.024999999999889388e-01
2.034999999999888842e-01
2.044999999999888296e-01
2.054999999999887750e-01
2.064999999999887204e-01
2.074999999999886657e-01
2.084999999999886111e-01
2.094999999999885565e-01
2.104999999999885019e-01
2.114999999999884472e-01
2.124999999999883926e-01
2.134999999999883380e-01
2.144999999999882834e-01
2.154999999999882287e-01
2.164999999999881741e-01
2.174999999999881195e-01
2.184999999999880649e-01
2.194999999999880103e-01
2.204999999999879556e-01
2.214999999999879010e-01
2.224999999999878464e-01
2.234999999999877918e-01
2.244999999999877371e-01
2.254999999999876825e-01
2.264999999999876279e-01
2.274999999999875733e-01
2.284999999999875187e-01
2.294999999999874640e-01
2.304999999999874094e-01
2.314999999999873548e-01
2.324999999999873002e-01
2.334999999999872455e-01
2.344999999999871909e-01
2.354999999999871363e-01
2.364999999999870817e-01
2.374999999999870270e-01
2.384999999999869724e-01
2.394999999999869178e-01
2.404999999999868632e-01
2.414999999999868086e-01
2.424999999999867539e-01
2.434999999999866993e-01
2.444999999999866447e-01
2.454999999999865901e-01
2.464999999999865354e-01
2.474999999999864808e-01
2.484999999999864262e-01
2.494999999999863716e-01
2.504999999999862892e-01
2.514999999999862901e-01
2.524999999999861799e-01
2.534999999999861808e-01
2.544999999999860707e-01
2.554999999999860716e-01
2.564999999999859615e-01
2.574999999999859623e-01
2.584999999999858522e-01
2.594999999999858531e-01
2.604999999999857430e-01
2.614999999999857438e-01
2.624999999999856337e-01
2.634999999999856346e-01
2.644999999999855245e-01
2.654999999999855254e-01
2.664999999999854152e-01
2.674999999999854161e-01
2.684999999999853060e-01
2.694999999999853069e-01
2.704999999999851967e-01
2.714999999999851976e-01
2.724999999999850875e-01
2.734999999999850884e-01
2.744999999999849782e-01
2.754999999999849791e-01
2.764999999999848690e-01
2.774999999999848699e-01
2.784999999999847597e-01
2.794999999999847606e-01
2.804999999999846505e-01
2.814999999999846514e-01
2.824999999999845413e-01
2.834999999999845421e-01
2.844999999999844320e-01
2.854999999999844329e-01
2.864999999999843228e-01
2.874999999999843237e-01
2.884999999999842135e-01
2.894999999999842144e-01
2.904999999999841043e-01
2.914999999999841052e-01
2.924999999999839950e-01
2.934999999999839959e-01
2.944999999999838858e-01
2.954999999999838867e-01
2.964999999999837765e-01
2.974999999999837774e-01
2.984999999999836673e-01
2.994999999999836682e-01
3.004999999999835580e-01
3.014999999999835589e-01
3.024999999999834488e-01
3.034999999999834497e-01
3.044999999999833395e-01
3.054999999999833404e-01
3.064999999999832303e-01
3.074999999999832312e-01
3.084999999999831211e-01
3.094999999999831219e-01
3.104999999999830118e-01
3.114999999999830127e-01
3.124999999999829026e-01
3.134999999999829035e-01
3.144999999999827933e-01
3.154999999999827942e-01
3.164999999999826841e-01
3.174999999999826850e-01
3.184999999999825748e-01
3.194999999999825757e-01
3.204999999999824656e-01
3.214999999999824665e-01
3.224999999999823563e-01
3.234999999999823572e-01
3.244999999999822471e-01
3.254999999999822480e-01
3.264999999999821378e-01
3.274999999999821387e-01
3.284999999999820286e-01
3.294999999999820295e-01
3.304999999999819194e-01
3.314999999999819202e-01
3.324999999999818101e-01
3.334999999999818110e-01
3.344999999999817009e-01
3.354999999999817017e-01
3.364999999999815916e-01
3.374999999999815925e-01
3.384999999999814824e-01
3.394999999999814833e-01
3.404999999999813731e-01
3.414999999999813740e-01
3.424999999999812639e-01
3.434999999999812648e-01
3.444999999999811546e-01
3.454999999999811555e-01
3.464999999999810454e-01
3.474999999999810463e-01
3.484999999999809361e-01
3.494999999999809370e-01
3.504999999999808269e-01
3.514999999999808278e-01
3.524999999999807176e-01
3.534999999999807185e-01
3.544999999999806084e-01
3.554999999999806093e-01
3.564999999999804992e-01
3.574999999999805000e-01
3.584999999999803899e-01
3.594999999999803908e-01
3.604999999999802807e-01
3.614999999999802816e-01
3.624999999999801714e-01
3.634999999999801723e-01
3.644999999999800622e-01
3.654999999999800631e-01
3.664999999999799529e-01
3.674999999999799538e-01
3.684999999999798437e-01
3.694999999999798446e-01
3.704999999999797344e-01
3.714999999999797353e-01
3.724999999999796252e-01
3.734999999999796261e-01
3.744999999999795159e-01
3.754999999999795168e-01
3.764999999999794067e-01
3.774999999999794076e-01
3.784999999999792974e-01
3.794999999999792983e-01
3.804999999999791882e-01
3.814999999999791891e-01
3.824999999999790790e-01
3.834999999999790798e-01
3.844999999999789697e-01
3.854999999999789706e-01
3.864999999999788605e-01
3.874999999999788614e-01
3.884999999999787512e-01
3.894999999999787521e-01
3.904999999999786420e-01
3.914999999999786429e-01
3.924999999999785327e-01
3.934999999999785336e-01
3.944999999999784235e-01
3.954999999999784244e-01
3.964999999999783142e-01
3.974999999999783151e-01
3.984999999999782050e-01
3.994999999999782059e-01
4.004999999999780957e-01
4.014999999999780966e-01
4.024999999999779865e-01
4.034999999999779874e-01
4.044999999999778773e-01
4.054999999999778781e-01
4.064999999999777680e-01
4.074999999999777689e-01
4.084999999999776588e-01
4.094999999999776596e-01
4.104999999999775495e-01
4.114999999999775504e-01
4.124999999999774403e-01
4.134999999999774412e-01
4.144999999999773310e-01
4.154999999999773319e-01
4.164999999999772218e-01
4.174999999999772227e-01
4.184999999999771125e-01
4.194999999999771134e-01
4.204999999999770033e-01
4.214999999999770042e-01
4.224999999999768940e-01
4.234999999999768949e-01
4.244999999999767848e-01
4.254999999999767857e-01
4.264999999999766755e-01
4.274999999999766764e-01
4.284999999999765663e-01
4.294999999999765672e-01
4.304999999999764571e-01
4.314999999999764579e-01
4.324999999999763478e-01
4.334999999999763487e-01
4.344999999999762386e-01
4.354999999999762395e-01
4.364999999999761293e-01
4.374999999999761302e-01
4.384999999999760201e-01
4.394999999999760210e-01
4.404999999999759108e-01
4.414999999999759117e-01
4.424999999999758016e-01
4.434999999999758025e-01
4.444999999999756923e-01
4.454999999999756932e-01
4.464999999999755831e-01
4.474999999999755840e-01
4.484999999999754738e-01
4.494999999999754747e-01
4.504999999999753646e-01
4.514999999999753655e-01
4.524999999999752553e-01
4.534999999999752562e-01
4.544999999999751461e-01
4.554999999999751470e-01
4.564999999999750369e-01
4.574999999999750377e-01
4.584999999999749276e-01
4.594999999999749285e-01
4.604999999999748184e-01
4.614999999999748193e-01
4.624999999999747091e-01
4.634999999999747100e-01
4.644999999999745999e-01
4.654999999999746008e-01
4.664999999999744906e-01
4.674999999999744915e-01
4.684999999999743814e-01
4.694999999999743823e-01
4.704999999999742721e-01
4.714999999999742730e-01
4.724999999999741629e-01
4.734999999999741638e-01
4.744999999999740536e-01
4.754999999999740545e-01
4.764999999999739444e-01
4.774999999999739453e-01
4.784999999999738352e-01
4.794999999999738360e-01
4.804999999999737259e-01
4.814999999999737268e-01
4.824999999999736167e-01
4.834999999999736175e-01
4.844999999999735074e-01
4.854999999999735083e-01
4.864999999999733982e-01
4.874999999999733991e-01
4.884999999999732889e-01
4.894999999999732898e-01
4.904999999999731797e-01
4.914999999999731806e-01
4.924999999999730704e-01
4.934999999999730713e-01
4.944999999999729612e-01
4.954999999999729621e-01
4.964999999999728519e-01
4.974999999999728528e-01
4.984999999999727427e-01
4.994999999999727436e-01
5.004999999999726334e-01
