# k1	k2	B000	B202
# 
3.798113219970479428e-03 3.798113219970479428e-03 2.471249718404913425e+09 2.253430015215304375e+09
8.299341198366979103e-03 8.299341198366979103e-03 -5.874358855047639608e+08 -1.533083173571366549e+09
1.293222785829474877e-02 1.293222785829474877e-02 1.191852563385603279e+08 -2.364190947392293513e+08
1.764839540059409684e-02 1.764839540059409684e-02 5.095975618090686798e+08 6.443167970551936626e+08
2.256548624743042256e-02 2.256548624743042256e-02 3.609650418982818723e+08 3.314003486327598691e+08
2.777643631869650132e-02 2.777643631869650132e-02 3.545501948984483480e+08 3.092719309738695621e+08
3.269804945164293125e-02 3.269804945164293125e-02 2.458652957119834125e+08 2.236042822079690993e+08
3.761648412163165478e-02 3.761648412163165478e-02 1.761589671472350359e+08 2.141572649224015176e+08
4.263843590653314947e-02 4.263843590653314947e-02 1.471467841594494581e+08 1.304676047744486481e+08
4.756514397867436100e-02 4.756514397867436100e-02 1.124645068102716804e+08 9.645714794980615377e+07
5.262095846540396082e-02 5.262095846540396082e-02 1.022615637881534547e+08 9.744632766742384434e+07
5.756031579009000809e-02 5.756031579009000809e-02 9.652309094124683738e+07 9.123494579174335301e+07
6.254738086573001510e-02 6.254738086573001510e-02 8.706145331680351496e+07 7.589741637686386704e+07
6.757793245805170101e-02 6.757793245805170101e-02 7.486724845240417123e+07 6.390234668584509939e+07
7.255917271873958685e-02 7.255917271873958685e-02 6.730258767895784974e+07 5.860011860575792193e+07
7.753384095837162482e-02 7.753384095837162482e-02 5.800172248606535047e+07 5.206301640542869270e+07
8.251793095580550741e-02 8.251793095580550741e-02 4.904432878854283690e+07 4.108786790778347850e+07
8.752751585855284011e-02 8.752751585855284011e-02 3.863378868872325867e+07 3.425564613859613240e+07
9.254701595891112742e-02 9.254701595891112742e-02 3.330745026597099379e+07 3.017077398466769606e+07
9.754962816585235896e-02 9.754962816585235896e-02 2.858474544064718112e+07 2.332069856375390664e+07
1.025319577549841238e-01 1.025319577549841238e-01 2.275912381127025187e+07 1.978942415811131895e+07
1.075115963337561764e-01 1.075115963337561764e-01 2.070552043427857012e+07 1.663214008972226828e+07
1.125102824869534113e-01 1.125102824869534113e-01 1.867959988314655051e+07 1.525795333484257385e+07
1.175500815351444989e-01 1.175500815351444989e-01 1.735348196207841113e+07 1.274417734564542770e+07
1.225369407693384927e-01 1.225369407693384927e-01 1.546197781781959720e+07 1.194037966899710894e+07
1.275260915928658201e-01 1.275260915928658201e-01 1.420494771747050807e+07 1.016742761595414579e+07
1.325302049517400049e-01 1.325302049517400049e-01 1.292676771437812969e+07 9.267975982562905177e+06
1.375062658167481577e-01 1.375062658167481577e-01 1.166163084356922656e+07 8.734374192340120673e+06
1.425134383761291756e-01 1.425134383761291756e-01 1.078726839904800244e+07 8.145752950893644243e+06
1.475259185391658845e-01 1.475259185391658845e-01 9.256326240034613758e+06 6.818788020054301247e+06
1.525299392618646721e-01 1.525299392618646721e-01 8.240787866692606360e+06 6.181856210314251482e+06
1.574945641255250384e-01 1.574945641255250384e-01 7.328780958337388001e+06 5.200243561384579167e+06
1.625189271701888427e-01 1.625189271701888427e-01 6.434924794358109124e+06 4.638556186953607015e+06
1.675460952755753463e-01 1.675460952755753463e-01 5.966142187435938977e+06 4.033680337276787031e+06
1.725291960336829133e-01 1.725291960336829133e-01 5.408654354742917232e+06 3.744481907782656606e+06
1.775301907015729430e-01 1.775301907015729430e-01 5.061325733529579826e+06 3.370242639655295759e+06
1.825147596880962175e-01 1.825147596880962175e-01 4.697360868717567064e+06 3.064740974284023046e+06
1.875360659895027315e-01 1.875360659895027315e-01 4.382600249502237886e+06 2.964841191209496930e+06
1.925323612841641496e-01 1.925323612841641496e-01 3.978064801080071833e+06 2.433479156958034262e+06
1.975198597713423987e-01 1.975198597713423987e-01 3.714654379607210867e+06 2.291431439762592316e+06
