# zsnap = 0.725
# nbar = 7.9935699935e-04
# k		P0	P2	P4
# 
3.798113219970479428e-03 3.398262105582599906e+04 3.723024334093278594e+04 4.790287446889303828e+04
8.299341198366979103e-03 5.382019991048621887e+04 2.583468259635642971e+04 1.774857059092963027e+04
1.293222785829473663e-02 6.314109789226765861e+04 2.531083924017874233e+04 -1.257633257538103680e+04
1.764839540059409337e-02 6.564474322557623964e+04 3.474678565709356189e+04 1.856330635638346939e+04
2.256548624743048501e-02 6.206036775876299362e+04 2.711622790842573158e+04 -1.287862463471447518e+04
2.777643631869631743e-02 5.597007733236646891e+04 2.615629491453139417e+04 6.500404697238555855e+03
3.269804945164270227e-02 4.895072137812161236e+04 2.210231428260199755e+04 -3.360264004171362103e+03
3.761648412163143274e-02 4.290072251726428658e+04 1.905305696999139764e+04 3.379074632279231082e+03
4.263843590653317722e-02 3.792371968213030050e+04 1.598010144570696139e+04 9.806947075323479339e+02
4.756514397867391691e-02 3.409059396860757988e+04 1.451930333043885730e+04 -3.464994883026726257e+03
5.262095846540338490e-02 3.159293350989057581e+04 1.331074842035226902e+04 2.507921793387924481e+03
5.756031579008973054e-02 2.967683056882144592e+04 1.235543308822672589e+04 -8.756462018192995345e+01
6.254738086573062572e-02 2.786452322135196664e+04 1.176293595463278325e+04 7.984673869730802380e+02
6.757793245805278348e-02 2.621019646793941502e+04 1.084930644257918721e+04 2.277315976827025565e+02
7.255917271873958685e-02 2.443697859184189656e+04 9.878350335289340364e+03 1.447060237268746334e+02
7.753384095836750312e-02 2.259312999236680480e+04 8.860124584892229905e+03 1.135163944045131075e+03
8.251793095580811643e-02 2.072983106642537314e+04 8.115291632764302449e+03 -5.821135197591810311e+02
8.752751585855067518e-02 1.879119718132487469e+04 7.722758041188741117e+03 1.170504501141670517e+03
9.254701595891302868e-02 1.707595736071871943e+04 6.699857353130818410e+03 4.990950679364559619e+02
9.754962816585303897e-02 1.557512979728410210e+04 6.159354819137841332e+03 4.099310203386734770e+02
1.025319577549814315e-01 1.443255415307463772e+04 5.742608243333989776e+03 4.729517478305114651e+02
1.075115963337574393e-01 1.355605856881639193e+04 5.298251389963665133e+03 -1.461836813643863309e+02
1.125102824869451540e-01 1.285243667479547003e+04 4.899854768978848369e+03 7.667164369103796844e+02
1.175500815351469830e-01 1.232367596702567062e+04 4.603912607331997606e+03 3.284280205124604208e+02
1.225369407693456120e-01 1.177202670818198203e+04 4.369061077686663339e+03 1.774739983645388293e+02
1.275260915928605465e-01 1.133994759637284551e+04 3.976915073974209918e+03 4.211897856416154582e+02
1.325302049517270986e-01 1.083043200057287504e+04 3.581878443231508300e+03 -1.471770563066825446e+02
1.375062658167547358e-01 1.029103592437603947e+04 3.519461489199933567e+03 7.961746863786071344e+02
1.425134383761401391e-01 9.722212586127254326e+03 3.219601964173129090e+03 8.566610897607992570e+01
1.475259185391468719e-01 9.129792667555275330e+03 2.989990729498048495e+03 3.252733378153579906e+02
1.525299392618505723e-01 8.586438888215945553e+03 2.934092873819268789e+03 4.300820009543886613e+02
1.574945641255306450e-01 8.100932287892512250e+03 2.689536570674165432e+03 8.127734305494793432e+01
1.625189271701981686e-01 7.673981209030126593e+03 2.469619707843572087e+03 4.056939939054889805e+02
1.675460952755868371e-01 7.324174220860960304e+03 2.317852415774288602e+03 5.394305819315128048e+01
1.725291960336911012e-01 7.002366397591937130e+03 2.179746121480717648e+03 4.614261032151456448e+02
1.775301907015679470e-01 6.736553243053691403e+03 2.002871420802732473e+03 3.139307105732590912e+02
1.825147596880766776e-01 6.512888215254952229e+03 1.894333007726852884e+03 2.153183696165161507e+02
1.875360659894863280e-01 6.291170545933772701e+03 1.772590042874861410e+03 3.417851457684329262e+02
1.925323612841584042e-01 6.064066128453224337e+03 1.606636027628669126e+03 2.256013503853515374e+02
1.975198597713508641e-01 5.833780459410494586e+03 1.478220461208391043e+03 4.434160492056907970e+02
2.025153626490984737e-01 5.604664044477549396e+03 1.379478692563801815e+03 1.957866834525674449e+02
2.075088432181943499e-01 5.379402382627178667e+03 1.304728130014352246e+03 2.425151529911832711e+02
2.125177993514314190e-01 5.172241306882098797e+03 1.215598005279075096e+03 3.364758452156532940e+02
2.175004105537160504e-01 4.950056010518836047e+03 1.151643939858777912e+03 1.578384172339126508e+02
2.225093097263758923e-01 4.767241991153645358e+03 1.077139775570137090e+03 3.667530251594262722e+02
2.275289518807666334e-01 4.593311732851223496e+03 1.003233649090826475e+03 2.359935338323744531e+02
2.325285335280690979e-01 4.431112544543853801e+03 9.259178626381732329e+02 2.645619642648375702e+02
2.375276482184150995e-01 4.274784510385930844e+03 8.440045861953288977e+02 3.115414567942156054e+02
2.424990955345738552e-01 4.141516622471222945e+03 7.671654672858890081e+02 2.409356146622338883e+02
2.474998477592684765e-01 4.010574471155794527e+03 7.165731988795415646e+02 3.321395476105561784e+02
2.525200231637213522e-01 3.887639476184580872e+03 6.368201381623966881e+02 2.630776809889648575e+02
2.575182183021365034e-01 3.764265327027566855e+03 5.719310173529248686e+02 2.690351239020289995e+02
2.625255611121836696e-01 3.650179296742651331e+03 5.290654899939570441e+02 3.092245029290993443e+02
2.675305453620363538e-01 3.535715254714855746e+03 4.815967248099577205e+02 2.180237149483831729e+02
2.725404518957680877e-01 3.420498764044957170e+03 4.197572082658062413e+02 3.345327304123647423e+02
2.775333128253760773e-01 3.318130598136082881e+03 3.854661245474707698e+02 2.998231327559279293e+02
2.825123834702187309e-01 3.216795760978035560e+03 3.540666942763538145e+02 3.115537988236634988e+02
2.875104583320080565e-01 3.118099762961138822e+03 2.980444016509288758e+02 3.222731129551124809e+02
2.924971256070414971e-01 3.027073457636456169e+03 2.780129935236062124e+02 2.337569372310226754e+02
2.975058753683299528e-01 2.938920418896316733e+03 2.272185594379457712e+02 3.379472548873335427e+02
3.025121290118042428e-01 2.851968917862811850e+03 1.898288585147021479e+02 2.593369530306013644e+02
3.075010305668683386e-01 2.776477616687134741e+03 1.645490233618583034e+02 3.733482414154794355e+02
3.125134098098670266e-01 2.698250055234242609e+03 1.210092272102109234e+02 3.028731392536677731e+02
3.175159610161318313e-01 2.629621616380563864e+03 1.008548033383870859e+02 2.966840682245737639e+02
3.225221298316680585e-01 2.550926829492980232e+03 5.930415369907566969e+01 3.478899087922845297e+02
3.275181648077334917e-01 2.485151531587145200e+03 3.190327346118364105e+01 2.764519246063695164e+02
3.325123749530831119e-01 2.422301067161070023e+03 7.327449936339073489e+00 3.757156806199358812e+02
3.374959275080822718e-01 2.355574515923458875e+03 -1.495824263714999880e+01 2.934700206839339103e+02
3.424919127583026524e-01 2.293967673684638157e+03 -3.602855948096441097e+01 3.307674417193473460e+02
3.475179694433930266e-01 2.233982584526165738e+03 -6.484837200530303392e+01 3.654304276955886053e+02
3.525059921296424537e-01 2.176571100993664913e+03 -8.476726600249502042e+01 2.928032649933613243e+02
3.575140093809482389e-01 2.126916045056745588e+03 -1.047879688302701595e+02 3.574895518567084878e+02
3.625250121899794009e-01 2.069555976012646624e+03 -1.179472438858985299e+02 3.228638386284359285e+02
3.675230343842260106e-01 2.017171512905258624e+03 -1.392503590452649291e+02 3.430935197834232326e+02
3.725176954699416232e-01 1.968785482838586631e+03 -1.652400217419133241e+02 3.333522650770721043e+02
3.775162922269615362e-01 1.919329822738016901e+03 -1.726116475476692074e+02 3.239051127580275420e+02
3.825226775013753633e-01 1.878029879004201121e+03 -1.934133161181129026e+02 3.657868137128123749e+02
3.875129949299159771e-01 1.832048016013789265e+03 -2.103255222889491449e+02 3.214200545200688452e+02
3.924957752247191234e-01 1.787990752272934515e+03 -2.261934057149087778e+02 3.665227600448084786e+02
3.975064587042539954e-01 1.746938242534192796e+03 -2.420719977552739977e+02 3.514741959797925119e+02
