# k1	k2	B000	B202
# 
3.798113219970479428e-03 3.798113219970479428e-03 9.903654735851745605e+08 -5.289308759067211151e+09
8.299341198366979103e-03 8.299341198366979103e-03 -1.211865201282539606e+09 -8.265927104555911064e+09
1.293222785829474704e-02 1.293222785829474704e-02 5.081793453205337524e+09 -4.765359758847920299e+08
1.764839540059410031e-02 1.764839540059410031e-02 6.589382824642852783e+09 4.046566752096398354e+09
2.256548624743042256e-02 2.256548624743042256e-02 5.853552626145477295e+09 2.122708411502239943e+09
2.777643631869651172e-02 2.777643631869651172e-02 4.953140226127295494e+09 1.975105438766099215e+09
3.269804945164293125e-02 3.269804945164293125e-02 3.727576854430100918e+09 1.687718116048613071e+09
3.761648412163164784e-02 3.761648412163164784e-02 2.659482819325331688e+09 1.175495358879665852e+09
4.263843590653314253e-02 4.263843590653314253e-02 2.211783233074640274e+09 8.479963003602709770e+08
4.756514397867436100e-02 4.756514397867436100e-02 1.755301663826156616e+09 6.845832945034927130e+08
5.262095846540394695e-02 5.262095846540394695e-02 1.574193472110202312e+09 6.059622389753142595e+08
5.756031579008999421e-02 5.756031579008999421e-02 1.395268484986111403e+09 5.304568565365094543e+08
6.254738086573001510e-02 6.254738086573001510e-02 1.233902118684694529e+09 4.298343402470203638e+08
6.757793245805171489e-02 6.757793245805171489e-02 1.083076221394937992e+09 3.772870325298176408e+08
7.255917271873958685e-02 7.255917271873958685e-02 9.306213784101610184e+08 3.273873684310283661e+08
7.753384095837162482e-02 7.753384095837162482e-02 8.133447572315746546e+08 2.985257451998361349e+08
8.251793095580552129e-02 8.251793095580552129e-02 6.963687141292005777e+08 2.180633557897314727e+08
8.752751585855281236e-02 8.752751585855281236e-02 5.708394539922783375e+08 2.058683567661083639e+08
9.254701595891112742e-02 9.254701595891112742e-02 4.815947377007033825e+08 1.704262661408281028e+08
9.754962816585237284e-02 9.754962816585237284e-02 4.136010689474261403e+08 1.344764392766662538e+08
1.025319577549841793e-01 1.025319577549841793e-01 3.474161866728352308e+08 1.142515739106684625e+08
1.075115963337561625e-01 1.075115963337561625e-01 3.121555659644908905e+08 9.878129751321774721e+07
1.125102824869534390e-01 1.125102824869534390e-01 2.850431530144537091e+08 8.695871680165597796e+07
1.175500815351444989e-01 1.175500815351444989e-01 2.597377676554015279e+08 7.648347743791709840e+07
1.225369407693383955e-01 1.225369407693383955e-01 2.338506218983481228e+08 6.736374690123569965e+07
1.275260915928658756e-01 1.275260915928658756e-01 2.177386761897213757e+08 5.180006932383442670e+07
1.325302049517399772e-01 1.325302049517399772e-01 1.986268145682090521e+08 4.631400560633076727e+07
1.375062658167480190e-01 1.375062658167480190e-01 1.795396964748387635e+08 4.458617501789151877e+07
1.425134383761291479e-01 1.425134383761291479e-01 1.632860412555884719e+08 4.089358958430656791e+07
1.475259185391657457e-01 1.475259185391657457e-01 1.441027074529896677e+08 3.326972311382310838e+07
1.525299392618647276e-01 1.525299392618647276e-01 1.296656359479243457e+08 3.089021272320002690e+07
1.574945641255249273e-01 1.574945641255249273e-01 1.163072180217489004e+08 2.651798009896761551e+07
1.625189271701887872e-01 1.625189271701887872e-01 1.037826015033990145e+08 2.065858434244936332e+07
1.675460952755753741e-01 1.675460952755753741e-01 9.589334556924980879e+07 1.883549222978266701e+07
1.725291960336828023e-01 1.725291960336828023e-01 8.846243004694487154e+07 1.747509707621166483e+07
1.775301907015729708e-01 1.775301907015729708e-01 8.189808806666065753e+07 1.573636116250318475e+07
1.825147596880963008e-01 1.825147596880963008e-01 7.608410497308370471e+07 1.289836515357710607e+07
1.875360659895027315e-01 1.875360659895027315e-01 7.162263825571143627e+07 1.176562304677290283e+07
1.925323612841641219e-01 1.925323612841641219e-01 6.583095175109221786e+07 9.416652728393744677e+06
1.975198597713424264e-01 1.975198597713424264e-01 6.081680922483548522e+07 8.051269359379754402e+06
