# zsnap = 0.725
# nbar = 7.7407442249e-04
# k		P0	P2	P4
# 
3.798113219970479428e-03 3.344212680006379378e+04 3.631240676694350259e+04 4.815402817254324327e+04
8.299341198366979103e-03 5.309986146480865136e+04 2.566468765027333575e+04 1.761611867125275239e+04
1.293222785829473663e-02 6.252620724878377951e+04 2.551258694816287971e+04 -1.228903511173178595e+04
1.764839540059409337e-02 6.492406172802229412e+04 3.448827827221681218e+04 1.858860478433206299e+04
2.256548624743048501e-02 6.138097527914805687e+04 2.691505132912119734e+04 -1.280109917020478679e+04
2.777643631869631743e-02 5.536322367084302823e+04 2.593118907599452723e+04 6.293127643745659952e+03
3.269804945164270921e-02 4.837733792080258718e+04 2.187112144731191074e+04 -3.282359473027649074e+03
3.761648412163143274e-02 4.242414074987181812e+04 1.903566063706214118e+04 3.440185855766831082e+03
4.263843590653317722e-02 3.747144556914347049e+04 1.582608869215738196e+04 1.052490058293064976e+03
4.756514397867392385e-02 3.371865546926178649e+04 1.450902902748639644e+04 -3.418157982628789796e+03
5.262095846540338490e-02 3.123172611571794914e+04 1.326504351977934675e+04 2.521502074860419725e+03
5.756031579008973054e-02 2.933014264884147633e+04 1.232341141015461471e+04 -1.477357531037100102e+02
6.254738086573062572e-02 2.754141832059108492e+04 1.168571685594937480e+04 7.177965477772917211e+02
6.757793245805278348e-02 2.591298391684666421e+04 1.077552067287466889e+04 2.046673656249962505e+02
7.255917271873960073e-02 2.416331961428376235e+04 9.838104840408899690e+03 1.316919585768551144e+02
7.753384095836751699e-02 2.234218620243708938e+04 8.831817817765691871e+03 1.128017073219159101e+03
8.251793095580811643e-02 2.049258056859447970e+04 8.051876549074435388e+03 -6.315219323964972773e+02
8.752751585855067518e-02 1.857428530967096958e+04 7.693321067741799197e+03 1.159394335632539196e+03
9.254701595891305643e-02 1.688346888962547382e+04 6.677793548565815399e+03 5.207947953812766855e+02
9.754962816585303897e-02 1.540042348457458684e+04 6.115290010855365836e+03 4.210942844941991439e+02
1.025319577549814315e-01 1.425822624007183549e+04 5.729243291393584514e+03 4.552537022811798124e+02
1.075115963337574254e-01 1.339364839020084401e+04 5.288081027568118770e+03 -1.377012199751518153e+02
1.125102824869451540e-01 1.269698590707573749e+04 4.880579439519990046e+03 7.823835117282199008e+02
1.175500815351469275e-01 1.218513967592374138e+04 4.586096654887942350e+03 3.278170853604222543e+02
1.225369407693456120e-01 1.163958422151698687e+04 4.350175812902558391e+03 1.908845585403285838e+02
1.275260915928605465e-01 1.120890217133014448e+04 3.956168152971222298e+03 4.155074050772794862e+02
1.325302049517270986e-01 1.070811619217075349e+04 3.581540246650617974e+03 -1.380203175349111859e+02
1.375062658167547636e-01 1.017240767033400880e+04 3.509314781053958086e+03 7.938289222801774940e+02
1.425134383761402224e-01 9.610187267132690977e+03 3.196933705929684038e+03 8.098008803327195437e+01
1.475259185391468719e-01 9.023035611050578154e+03 2.989662159966124818e+03 3.228702681430408461e+02
1.525299392618505445e-01 8.484528102550515541e+03 2.923304254040207525e+03 4.308352620976274352e+02
1.574945641255306727e-01 8.005858230176610050e+03 2.678002286094781084e+03 8.320449258757369648e+01
1.625189271701981686e-01 7.579764185805658599e+03 2.468829744320644750e+03 3.901668259198931423e+02
1.675460952755868371e-01 7.239833559408456495e+03 2.313656273056670216e+03 5.491073872768538422e+01
1.725291960336911568e-01 6.920790750346458481e+03 2.164787608018001265e+03 4.543126323409536553e+02
1.775301907015679470e-01 6.658075243510589644e+03 1.994621072358550236e+03 3.123305045350199407e+02
1.825147596880766776e-01 6.438850610119239718e+03 1.886574264079168188e+03 2.114490192552183032e+02
1.875360659894863002e-01 6.221481592604583966e+03 1.768261812485896598e+03 3.396412873884244163e+02
1.925323612841584042e-01 5.997431731275373750e+03 1.596581922978755074e+03 2.260607317610539724e+02
1.975198597713508641e-01 5.769596227426739460e+03 1.482304712671081916e+03 4.342256784319769167e+02
2.025153626490985848e-01 5.542241830584393938e+03 1.377783770446436620e+03 1.963058601736419178e+02
2.075088432181942943e-01 5.321623433647486308e+03 1.300103128113043113e+03 2.471561382561039011e+02
2.125177993514314190e-01 5.118650721669600898e+03 1.214879772868698410e+03 3.295464083375622408e+02
2.175004105537160504e-01 4.896893630629831023e+03 1.145648918638454916e+03 1.523571468776850679e+02
2.225093097263758923e-01 4.718600436198204079e+03 1.078759544965656005e+03 3.542681985211434039e+02
2.275289518807666889e-01 4.544974025963729218e+03 9.997733592127666498e+02 2.257691573157348728e+02
2.325285335280691257e-01 4.387270565129411807e+03 9.242475450104175252e+02 2.567947941775846630e+02
2.375276482184151550e-01 4.232586217369086626e+03 8.446604284011659729e+02 3.074506573795733857e+02
2.424990955345738552e-01 4.100181681069230763e+03 7.617453637207673864e+02 2.368592031262591888e+02
2.474998477592684487e-01 3.972562301550748089e+03 7.153729261082503399e+02 3.258601180610899632e+02
2.525200231637214077e-01 3.851693556086506760e+03 6.325688475491500640e+02 2.544054050022245690e+02
2.575182183021365034e-01 3.728881562288958776e+03 5.708912803235550655e+02 2.568302954032004095e+02
2.625255611121836696e-01 3.615781001959101559e+03 5.266229791354769532e+02 2.962244532727740420e+02
2.675305453620362983e-01 3.503571248258965625e+03 4.810733762285010471e+02 2.150920796663380372e+02
2.725404518957680877e-01 3.387730400040227323e+03 4.200975851534719823e+02 3.302874041151661118e+02
2.775333128253761328e-01 3.290039526200772343e+03 3.844859081856291141e+02 2.965125006378279977e+02
2.825123834702187864e-01 3.188317740508809038e+03 3.497782895485911467e+02 3.039632318638960555e+02
2.875104583320081120e-01 3.092110744221986806e+03 2.957842729895323828e+02 3.165444626833167945e+02
2.924971256070414971e-01 3.001254062935050570e+03 2.735889136862895725e+02 2.268989783307808352e+02
2.975058753683298418e-01 2.915840561068692296e+03 2.225335368963295082e+02 3.282460129173767314e+02
3.025121290118042428e-01 2.828148252980322468e+03 1.838712038652191438e+02 2.514953162072461055e+02
3.075010305668683386e-01 2.752833294288141587e+03 1.614769577781639498e+02 3.627486269215690982e+02
3.125134098098669710e-01 2.676577320734417299e+03 1.147042152034188263e+02 2.928476979769682202e+02
3.175159610161318313e-01 2.610345613871173100e+03 9.424947258212996815e+01 2.936538446195043548e+02
3.225221298316681140e-01 2.532618619102666344e+03 5.446741208043258808e+01 3.392903303558168204e+02
3.275181648077335472e-01 2.466117905644658094e+03 2.469856482608604864e+01 2.688586876415731126e+02
3.325123749530831119e-01 2.404537342074374465e+03 -8.974414336994184227e-01 3.707116145727470666e+02
3.374959275080822718e-01 2.339395386322398736e+03 -2.478702998165619675e+01 2.846069488226336262e+02
3.424919127583025413e-01 2.277965128745140646e+03 -4.269755791061433570e+01 3.223203039826718168e+02
3.475179694433931377e-01 2.219431686455671297e+03 -7.250730960664984082e+01 3.604759928979394203e+02
3.525059921296424537e-01 2.161675448487531867e+03 -9.254487972906603943e+01 2.826340624088520599e+02
3.575140093809483499e-01 2.113073130734148435e+03 -1.145136659795094971e+02 3.509726258642338053e+02
3.625250121899795119e-01 2.057108087561520279e+03 -1.254189229379306596e+02 3.126892961275460721e+02
3.675230343842259551e-01 2.004952132010179639e+03 -1.490878182823130658e+02 3.352877337955663961e+02
3.725176954699417342e-01 1.957336357904711122e+03 -1.762259051784158146e+02 3.233093602494916468e+02
3.775162922269615362e-01 1.907900400935541938e+03 -1.831633438115943875e+02 3.166579363275084233e+02
3.825226775013753633e-01 1.866702204000478332e+03 -2.033414198342979944e+02 3.586904202157671762e+02
3.875129949299159215e-01 1.820539143414807313e+03 -2.200905949941203517e+02 3.111256805695359162e+02
3.924957752247190124e-01 1.776950837528211423e+03 -2.349130934382805265e+02 3.579389632515321864e+02
3.975064587042541064e-01 1.737906123352490795e+03 -2.513436190466571247e+02 3.457816865789687313e+02
