# k1	k2	B000	B202
# 
3.798113219970479428e-03 3.798113219970479428e-03 2.564473940967708111e+09 2.074110390937072039e+09
8.299341198366979103e-03 8.299341198366979103e-03 -6.455243167736479044e+08 -2.040393994724727154e+09
1.293222785829474877e-02 1.293222785829474877e-02 2.170062926435423195e+08 -1.409021441037025154e+08
1.764839540059410031e-02 1.764839540059410031e-02 5.038368077990929484e+08 6.837963238467715979e+08
2.256548624743042256e-02 2.256548624743042256e-02 3.272238031938625574e+08 3.284108154328069687e+08
2.777643631869650825e-02 2.777643631869650825e-02 3.578860582940377593e+08 3.249664775720951557e+08
3.269804945164294513e-02 3.269804945164294513e-02 2.374471290276032686e+08 2.228579931582678854e+08
3.761648412163165478e-02 3.761648412163165478e-02 1.641911788756531477e+08 2.044606218431124985e+08
4.263843590653316334e-02 4.263843590653316334e-02 1.373622065122521222e+08 1.367047191884440184e+08
4.756514397867436100e-02 4.756514397867436100e-02 1.061120563470002711e+08 9.607806655916981399e+07
5.262095846540397470e-02 5.262095846540397470e-02 1.008360744211740941e+08 1.004282291870671511e+08
5.756031579008999421e-02 5.756031579008999421e-02 9.354884298830373585e+07 9.087157619425226748e+07
6.254738086573000122e-02 6.254738086573000122e-02 8.296258101835112274e+07 7.434267355037704110e+07
6.757793245805171489e-02 6.757793245805171489e-02 7.283660918640725315e+07 6.457411220473903418e+07
7.255917271873958685e-02 7.255917271873958685e-02 6.392742830846006423e+07 5.804537047079531848e+07
7.753384095837165257e-02 7.753384095837165257e-02 5.739202011593332887e+07 5.047755729876593500e+07
8.251793095580550741e-02 8.251793095580550741e-02 4.754906894198779017e+07 3.835781606441506743e+07
8.752751585855282623e-02 8.752751585855282623e-02 3.769170677605117112e+07 3.269218855666987970e+07
9.254701595891111354e-02 9.254701595891111354e-02 3.216491002079172060e+07 2.960191960117479786e+07
9.754962816585238672e-02 9.754962816585238672e-02 2.792272160367870703e+07 2.277062825955026969e+07
1.025319577549840960e-01 1.025319577549840960e-01 2.191521647726292536e+07 1.895099219468658045e+07
1.075115963337561487e-01 1.075115963337561487e-01 1.983488657151885331e+07 1.586495866445150599e+07
1.125102824869533419e-01 1.125102824869533419e-01 1.822688035950752348e+07 1.491898947702218965e+07
1.175500815351444434e-01 1.175500815351444434e-01 1.670910360868772119e+07 1.251769088076972403e+07
1.225369407693384372e-01 1.225369407693384372e-01 1.502519054105565324e+07 1.146708334245840460e+07
1.275260915928658756e-01 1.275260915928658756e-01 1.359473614607756212e+07 9.739193835069382563e+06
1.325302049517399494e-01 1.325302049517399494e-01 1.252919635361053422e+07 8.887406273672796786e+06
1.375062658167481022e-01 1.375062658167481022e-01 1.143575612418978289e+07 8.394216930493867025e+06
1.425134383761290646e-01 1.425134383761290646e-01 1.048932782495452836e+07 8.110103534546519630e+06
1.475259185391658012e-01 1.475259185391658012e-01 9.042504303041413426e+06 6.590195521630890667e+06
1.525299392618646721e-01 1.525299392618646721e-01 8.182955072835644707e+06 5.781327558895267546e+06
1.574945641255248441e-01 1.574945641255248441e-01 7.238300751240006648e+06 5.051352465333831497e+06
1.625189271701887594e-01 1.625189271701887594e-01 6.282215592781107873e+06 4.364080255832307972e+06
1.675460952755751520e-01 1.675460952755751520e-01 5.832139643777478486e+06 3.847207292960094288e+06
1.725291960336829411e-01 1.725291960336829411e-01 5.251977937141843140e+06 3.529515530145769939e+06
1.775301907015729430e-01 1.775301907015729430e-01 4.938059477948212996e+06 3.286986052654753439e+06
1.825147596880962175e-01 1.825147596880962175e-01 4.614582285754594021e+06 3.045765539311647415e+06
1.875360659895027315e-01 1.875360659895027315e-01 4.280321792761103250e+06 2.839183227140653878e+06
1.925323612841641774e-01 1.925323612841641774e-01 3.895402437696187291e+06 2.344336523416718468e+06
1.975198597713425097e-01 1.975198597713425097e-01 3.615318002060521860e+06 2.180283815274416003e+06
