# k1	k2	B000	B202
# 
3.798113219970479428e-03 3.798113219970479428e-03 1.464474499155384541e+09 -4.211509342650510788e+09
8.299341198366979103e-03 8.299341198366979103e-03 -1.104693498182142258e+09 -7.517606803659870148e+09
1.293222785829474877e-02 1.293222785829474877e-02 5.029907063882109642e+09 -5.796848904070632458e+08
1.764839540059410031e-02 1.764839540059410031e-02 6.319944676914405823e+09 3.688749746649125576e+09
2.256548624743042256e-02 2.256548624743042256e-02 5.586548071949745178e+09 2.130126770836243868e+09
2.777643631869651172e-02 2.777643631869651172e-02 4.783494609441842079e+09 1.909309820866326809e+09
3.269804945164293819e-02 3.269804945164293819e-02 3.601164316872796535e+09 1.628542822871556759e+09
3.761648412163164784e-02 3.761648412163164784e-02 2.568881099743921757e+09 1.131819528665706396e+09
4.263843590653314947e-02 4.263843590653314947e-02 2.146995659443487167e+09 8.262591144875555038e+08
4.756514397867436100e-02 4.756514397867436100e-02 1.701194787526921272e+09 6.651743196738846302e+08
5.262095846540396082e-02 5.262095846540396082e-02 1.520327559241385698e+09 5.865121829007953405e+08
5.756031579008998034e-02 5.756031579008998034e-02 1.343850409853086710e+09 5.209996434043500423e+08
6.254738086573001510e-02 6.254738086573001510e-02 1.192551493483396053e+09 4.243719279834379554e+08
6.757793245805172877e-02 6.757793245805172877e-02 1.043513044965006709e+09 3.705117044338719249e+08
7.255917271873958685e-02 7.255917271873958685e-02 8.975050241041319370e+08 3.173175240439222455e+08
7.753384095837165257e-02 7.753384095837165257e-02 7.871771064294811487e+08 2.939128505608298182e+08
8.251793095580549353e-02 8.251793095580549353e-02 6.720265671735965014e+08 2.119392914986378849e+08
8.752751585855282623e-02 8.752751585855282623e-02 5.497135562853250504e+08 2.019062973307870924e+08
9.254701595891107191e-02 9.254701595891107191e-02 4.646968699714246392e+08 1.669677906938063502e+08
9.754962816585241447e-02 9.754962816585241447e-02 3.996633452898795605e+08 1.328691761207448244e+08
1.025319577549840683e-01 1.025319577549840683e-01 3.353884290518887639e+08 1.134901334889698029e+08
1.075115963337561070e-01 1.075115963337561070e-01 3.008471528794724941e+08 9.702943773090220988e+07
1.125102824869534113e-01 1.125102824869534113e-01 2.744517822315580249e+08 8.507261542451930046e+07
1.175500815351444572e-01 1.175500815351444572e-01 2.505325827645359039e+08 7.563196925000338256e+07
1.225369407693384510e-01 1.225369407693384510e-01 2.254964963302034140e+08 6.663640485618094355e+07
1.275260915928658756e-01 1.275260915928658756e-01 2.104117482291701436e+08 5.093954121518135816e+07
1.325302049517399217e-01 1.325302049517399217e-01 1.913384101330619752e+08 4.636137225191827863e+07
1.375062658167480745e-01 1.375062658167480745e-01 1.732134491404418945e+08 4.369529096883855015e+07
1.425134383761291756e-01 1.425134383761291756e-01 1.574677363295283616e+08 4.048525366401890665e+07
1.475259185391658567e-01 1.475259185391658567e-01 1.388357971632070839e+08 3.321052074101787433e+07
1.525299392618646721e-01 1.525299392618646721e-01 1.249857828285909146e+08 3.036016549562758580e+07
1.574945641255249829e-01 1.574945641255249829e-01 1.120005744697302878e+08 2.646255111662719399e+07
1.625189271701886762e-01 1.625189271701886762e-01 9.979626933193969727e+07 2.045105700923795998e+07
1.675460952755752908e-01 1.675460952755752908e-01 9.238181094614456594e+07 1.868615331048904732e+07
1.725291960336828856e-01 1.725291960336828856e-01 8.524266348371300101e+07 1.727076079211437702e+07
1.775301907015729985e-01 1.775301907015729985e-01 7.876077705045974255e+07 1.536281634414210729e+07
1.825147596880963008e-01 1.825147596880963008e-01 7.327302840729078650e+07 1.285870091641869769e+07
1.875360659895027871e-01 1.875360659895027871e-01 6.899498875860594213e+07 1.144586594277696125e+07
1.925323612841641219e-01 1.925323612841641219e-01 6.338126171155786514e+07 9.280220873209411278e+06
1.975198597713424264e-01 1.975198597713424264e-01 5.850401432070490718e+07 8.137193998211857863e+06
