# k1	k2	B000	B202
# 
3.798113219970479428e-03 3.798113219970479428e-03 3.511641741692349315e+08 2.239827665471741199e+09
8.299341198366979103e-03 8.299341198366979103e-03 -5.868156811804518700e+08 -3.981901509676670074e+09
1.293222785829474704e-02 1.293222785829474704e-02 1.767684747607352257e+09 -2.797038282160379291e+08
1.764839540059410031e-02 1.764839540059410031e-02 2.598524786096461296e+09 1.645940875236001968e+09
2.256548624743042256e-02 2.256548624743042256e-02 2.227225415427656651e+09 8.073753758672388792e+08
2.777643631869650825e-02 2.777643631869650825e-02 1.894989068093796015e+09 7.113967245228996277e+08
3.269804945164293819e-02 3.269804945164293819e-02 1.420235400060978413e+09 6.502782256835345030e+08
3.761648412163165478e-02 3.761648412163165478e-02 9.881280335474220514e+08 4.725715388039098382e+08
4.263843590653313559e-02 4.263843590653313559e-02 8.276515366558256149e+08 2.899445646497094035e+08
4.756514397867435406e-02 4.756514397867435406e-02 6.430970784684488773e+08 2.352766912840885520e+08
5.262095846540396082e-02 5.262095846540396082e-02 5.787389599953392744e+08 2.225010674393486083e+08
5.756031579009001503e-02 5.756031579009001503e-02 5.088546464982678294e+08 1.897176610831053853e+08
6.254738086573002898e-02 6.254738086573002898e-02 4.461003180008456707e+08 1.425561545432359278e+08
6.757793245805172877e-02 6.757793245805172877e-02 3.868465476907229424e+08 1.215285665067979395e+08
7.255917271873960073e-02 7.255917271873960073e-02 3.315824120793482065e+08 1.058531987917408347e+08
7.753384095837163870e-02 7.753384095837163870e-02 2.889720280257461667e+08 9.044700000744706392e+07
8.251793095580550741e-02 8.251793095580550741e-02 2.445995820600402951e+08 6.735460998007829487e+07
8.752751585855284011e-02 8.752751585855284011e-02 1.957566959892697930e+08 5.750486998946730793e+07
9.254701595891109966e-02 9.254701595891109966e-02 1.631570382503930330e+08 4.903578497013511509e+07
9.754962816585241447e-02 9.754962816585241447e-02 1.388049450425000489e+08 3.481836074873948097e+07
1.025319577549841238e-01 1.025319577549841238e-01 1.147434612108898759e+08 2.904207567238186672e+07
1.075115963337562042e-01 1.075115963337562042e-01 1.017161954814350754e+08 2.383667558123248070e+07
1.125102824869534113e-01 1.125102824869534113e-01 9.146445447313697636e+07 2.052618036843141913e+07
1.175500815351444572e-01 1.175500815351444572e-01 8.277400285159385204e+07 1.690903972702379897e+07
1.225369407693384649e-01 1.225369407693384649e-01 7.445045591079750657e+07 1.430717103836758621e+07
1.275260915928658478e-01 1.275260915928658478e-01 6.900573078417801857e+07 9.852501420336836949e+06
1.325302049517399772e-01 1.325302049517399772e-01 6.211321002735571563e+07 9.120829168261842802e+06
1.375062658167480745e-01 1.375062658167480745e-01 5.568428475717796385e+07 8.601783659956874326e+06
1.425134383761290924e-01 1.425134383761290924e-01 4.982177277259702981e+07 7.340758852667460218e+06
1.475259185391658567e-01 1.475259185391658567e-01 4.351568365783217549e+07 5.302196626514456235e+06
1.525299392618646721e-01 1.525299392618646721e-01 3.845189716572857648e+07 5.429349312697652727e+06
1.574945641255249551e-01 1.574945641255249551e-01 3.401709751190923154e+07 3.873448301573251374e+06
1.625189271701887317e-01 1.625189271701887317e-01 3.010328567569668218e+07 2.477924006209531333e+06
1.675460952755752908e-01 1.675460952755752908e-01 2.731498427004913986e+07 2.335288360998636112e+06
1.725291960336828023e-01 1.725291960336828023e-01 2.494026725092755258e+07 1.907042236156689003e+06
1.775301907015728875e-01 1.775301907015728875e-01 2.304578521790397167e+07 1.520587416489826050e+06
1.825147596880962175e-01 1.825147596880962175e-01 2.133875260879010335e+07 1.048208281247661449e+06
1.875360659895026760e-01 1.875360659895026760e-01 1.989728142735327035e+07 7.013189951822577277e+05
1.925323612841640664e-01 1.925323612841640664e-01 1.820041617708328366e+07 2.727968356751711690e+05
1.975198597713423709e-01 1.975198597713423709e-01 1.667641396804014221e+07 5.212937861294619506e+04
