# k1	k2	B000	B202
# 
3.798113219970479428e-03 3.798113219970479428e-03 8.466389901151886582e+07 1.981567023541017532e+09
8.299341198366979103e-03 8.299341198366979103e-03 -5.559049649781559706e+08 -3.963543297223718166e+09
1.293222785829474704e-02 1.293222785829474704e-02 1.787026981184274197e+09 -3.464516434878025651e+08
1.764839540059410031e-02 1.764839540059410031e-02 2.586369352166494370e+09 1.650825481267000437e+09
2.256548624743042256e-02 2.256548624743042256e-02 2.216045552230649471e+09 8.171041511713366508e+08
2.777643631869651172e-02 2.777643631869651172e-02 1.892088987284158945e+09 7.125211956627098322e+08
3.269804945164293125e-02 3.269804945164293125e-02 1.416037135505965948e+09 6.596529510631531477e+08
3.761648412163166172e-02 3.761648412163166172e-02 9.862905972959518433e+08 4.664237014049281478e+08
4.263843590653314253e-02 4.263843590653314253e-02 8.210125666170630455e+08 2.880789742042444348e+08
4.756514397867435406e-02 4.756514397867435406e-02 6.372498638400137424e+08 2.319449638918810785e+08
5.262095846540395389e-02 5.262095846540395389e-02 5.739304116134759188e+08 2.204977333615562916e+08
5.756031579008998034e-02 5.756031579008998034e-02 5.046419772270599604e+08 1.868945588529490530e+08
6.254738086573001510e-02 6.254738086573001510e-02 4.417980911884866357e+08 1.412593486142416298e+08
6.757793245805171489e-02 6.757793245805171489e-02 3.831750252402467132e+08 1.201705420172269493e+08
7.255917271873958685e-02 7.255917271873958685e-02 3.278054618295379877e+08 1.044990345455884933e+08
7.753384095837166645e-02 7.753384095837166645e-02 2.854577073492678404e+08 8.879377591905273497e+07
8.251793095580552129e-02 8.251793095580552129e-02 2.416743397684109807e+08 6.579037113922896236e+07
8.752751585855285399e-02 8.752751585855285399e-02 1.931710632554459870e+08 5.660944567617344856e+07
9.254701595891109966e-02 9.254701595891109966e-02 1.608318728871285617e+08 4.814003888973602653e+07
9.754962816585237284e-02 9.754962816585237284e-02 1.370864706187883914e+08 3.402507798802148551e+07
1.025319577549841377e-01 1.025319577549841377e-01 1.131111925718819946e+08 2.846307098813163117e+07
1.075115963337561764e-01 1.075115963337561764e-01 1.001015664052787274e+08 2.316906011876969412e+07
1.125102824869533974e-01 1.125102824869533974e-01 8.999121416184200346e+07 2.001027040753801167e+07
1.175500815351444989e-01 1.175500815351444989e-01 8.143115571280427277e+07 1.668492700776160881e+07
1.225369407693384233e-01 1.225369407693384233e-01 7.315372643103630841e+07 1.400207075727648288e+07
1.275260915928657646e-01 1.275260915928657646e-01 6.772704677970214188e+07 9.828924487583285198e+06
1.325302049517399494e-01 1.325302049517399494e-01 6.109468189794738591e+07 9.106110788082981482e+06
1.375062658167481855e-01 1.375062658167481855e-01 5.476693182982494682e+07 8.396881147523010150e+06
1.425134383761291201e-01 1.425134383761291201e-01 4.894521125720156729e+07 7.334586453625488095e+06
1.475259185391658567e-01 1.475259185391658567e-01 4.275310020695874095e+07 5.253022925862508826e+06
1.525299392618646721e-01 1.525299392618646721e-01 3.773738724248250574e+07 5.422604972013589926e+06
1.574945641255249551e-01 1.574945641255249551e-01 3.341268343034660816e+07 3.951536595295627136e+06
1.625189271701887872e-01 1.625189271701887872e-01 2.956176864085245505e+07 2.631436366474692710e+06
1.675460952755752631e-01 1.675460952755752631e-01 2.684558635413770378e+07 2.420289866978030186e+06
1.725291960336828301e-01 1.725291960336828301e-01 2.445826480289218575e+07 1.971837582996838959e+06
1.775301907015729985e-01 1.775301907015729985e-01 2.256957263544801623e+07 1.602406460824213224e+06
1.825147596880962453e-01 1.825147596880962453e-01 2.094160107768104225e+07 1.163090939646136714e+06
1.875360659895027038e-01 1.875360659895027038e-01 1.951267664417102933e+07 7.881354592135528801e+05
1.925323612841641219e-01 1.925323612841641219e-01 1.783627186675080657e+07 3.900994648877241416e+05
1.975198597713424264e-01 1.975198597713424264e-01 1.636992211488615908e+07 1.663900310370671796e+05
