# zsnap = 1.4
# nbar = 3.0516367334e-03
# k		P0	P2	P4
# 
3.798113219970479428e-03 2.137154008901771158e+04 2.293524341202371579e+04 2.804061113240997292e+04
8.299341198366979103e-03 3.345810780752808205e+04 1.611648295949487692e+04 1.121510787273512869e+04
1.293222785829473663e-02 3.907351671079851076e+04 1.660312322380543992e+04 -7.445343364012548591e+03
1.764839540059409337e-02 4.073719084724932327e+04 2.205212217921595948e+04 1.134536399626313687e+04
2.256548624743048501e-02 3.843070339712836721e+04 1.743697394211072969e+04 -8.181021453502334225e+03
2.777643631869631743e-02 3.458174181636875437e+04 1.665291303289298958e+04 3.792267255043338992e+03
3.269804945164270227e-02 3.025356634954306355e+04 1.412475972044587434e+04 -2.170369009948332859e+03
3.761648412163143274e-02 2.640993038098784746e+04 1.192419031760895450e+04 2.209107288385173433e+03
4.263843590653317722e-02 2.326009139711652097e+04 9.890389372548099345e+03 5.172052180418997978e+02
4.756514397867390997e-02 2.087553649621269869e+04 8.841240119665613747e+03 -2.153029873069935547e+03
5.262095846540338490e-02 1.925121036671183174e+04 7.866374332508165026e+03 1.407755328311066478e+03
5.756031579008972360e-02 1.800117141664718656e+04 7.302591188547092315e+03 -5.102881768186806966e+01
6.254738086573062572e-02 1.684125006378432954e+04 6.778596344898310235e+03 3.688984799260587124e+02
6.757793245805278348e-02 1.578241495893598221e+04 6.117943129684093947e+03 1.118813427642576812e+02
7.255917271873958685e-02 1.466215306681878610e+04 5.429285368053767343e+03 5.294522732607738646e+01
7.753384095836750312e-02 1.347882488234385528e+04 4.694102722645431641e+03 6.675293910956700074e+02
8.251793095580811643e-02 1.227767178616356250e+04 4.189847005027027080e+03 -3.784018962784898577e+02
8.752751585855067518e-02 1.104212627726374194e+04 3.876478174711682186e+03 6.449966325731674033e+02
9.254701595891302868e-02 9.964247116393973556e+03 3.235724240710412687e+03 2.813857635536509179e+02
9.754962816585303897e-02 9.011724535053681393e+03 2.842961299402617897e+03 2.159824444824238299e+02
1.025319577549814315e-01 8.283027507884607985e+03 2.541397366396171947e+03 2.487295613208398493e+02
1.075115963337573699e-01 7.726061427528101376e+03 2.291325113182283985e+03 -4.833017884147820808e+01
1.125102824869451540e-01 7.271900497167627691e+03 2.024393538570307328e+03 4.620422196281784295e+02
1.175500815351469275e-01 6.948010270928035425e+03 1.831253797721477440e+03 2.086944223987971441e+02
1.225369407693456120e-01 6.614176033796376942e+03 1.672893040796582909e+03 1.384850673580998546e+02
1.275260915928605465e-01 6.341036406493051800e+03 1.463508854986316237e+03 2.705537297669370105e+02
1.325302049517270708e-01 6.021405168527977366e+03 1.233833105122674851e+03 -2.134763446109773355e+01
1.375062658167547636e-01 5.681284524702123235e+03 1.173059403848786133e+03 5.079610142958322285e+02
1.425134383761402224e-01 5.320391159103568498e+03 1.004504585257817212e+03 1.374640855036704181e+02
1.475259185391468719e-01 4.957284960611180395e+03 8.817275905989116609e+02 2.831635704742857911e+02
1.525299392618505723e-01 4.615335962530723918e+03 8.521149519990342469e+02 3.168308399664883268e+02
1.574945641255306450e-01 4.313286719013378388e+03 7.336706356450172279e+02 1.835045000356941216e+02
1.625189271701981408e-01 4.053256040383885193e+03 6.168789758816683388e+02 3.229154265813814391e+02
1.675460952755868094e-01 3.836455594314992140e+03 5.576587393779547028e+02 1.679604678278100209e+02
1.725291960336911012e-01 3.646506214196698238e+03 4.758015504630639043e+02 3.546535273267620028e+02
1.775301907015679470e-01 3.493200086292875767e+03 3.959182248909300483e+02 2.894866945039224220e+02
1.825147596880766498e-01 3.365397113242348041e+03 3.410945786202223644e+02 2.458810152766333772e+02
1.875360659894863280e-01 3.239260673659485292e+03 2.801727480256246849e+02 3.154784082667779330e+02
1.925323612841584320e-01 3.108117258432188464e+03 2.117683533196929488e+02 2.600817085799925508e+02
1.975198597713508641e-01 2.978406674489240231e+03 1.555629004492048182e+02 3.644823311843269948e+02
2.025153626490985570e-01 2.849729857841005469e+03 1.236354349532134052e+02 2.728186071565811517e+02
2.075088432181942943e-01 2.712433419215917638e+03 9.089932419760283722e+01 2.814959989392066291e+02
2.125177993514314190e-01 2.588851823755090209e+03 5.463921620335638352e+01 3.166380944071898398e+02
2.175004105537160781e-01 2.462910083391090211e+03 4.603311212667895802e+01 2.548042480114367265e+02
2.225093097263758646e-01 2.350629890017643447e+03 1.922035833011628014e+01 3.368135210570771392e+02
2.275289518807666889e-01 2.247776140204136482e+03 -2.409179494122827947e+00 2.802477268674178958e+02
2.325285335280690979e-01 2.157261175747974448e+03 -3.239326120764022221e+01 2.978583963268955017e+02
2.375276482184151272e-01 2.075407381779063144e+03 -5.939773951734019874e+01 3.134041127019539772e+02
2.424990955345738552e-01 2.002528746274290825e+03 -8.913467197194950131e+01 2.853913056942904518e+02
2.474998477592684487e-01 1.931731066980632249e+03 -1.044466671531675246e+02 3.298992070419272977e+02
2.525200231637214077e-01 1.865928331622383212e+03 -1.355618708221743418e+02 2.994073153349986569e+02
2.575182183021365034e-01 1.800563638155025501e+03 -1.516368010914661681e+02 2.960935046939855511e+02
2.625255611121836696e-01 1.740788276520614772e+03 -1.656517825785597893e+02 3.163341004102230158e+02
2.675305453620362983e-01 1.677724093889529513e+03 -1.777373149108640860e+02 2.795216604114138477e+02
2.725404518957680877e-01 1.615634120585723167e+03 -1.982392846154047277e+02 3.234227880568761861e+02
2.775333128253760773e-01 1.557776465988003793e+03 -2.026246583698150516e+02 3.008951763593194642e+02
2.825123834702187309e-01 1.503822687212448500e+03 -2.114841174458383364e+02 3.059436753972749443e+02
2.875104583320081120e-01 1.451163767662401142e+03 -2.234180870569198021e+02 3.065392819364063826e+02
2.924971256070414416e-01 1.400976946850004424e+03 -2.255400172919337933e+02 2.760905952095493490e+02
2.975058753683298973e-01 1.355535209049471405e+03 -2.361112766138676591e+02 3.133115406641106802e+02
3.025121290118042428e-01 1.310226585984286885e+03 -2.414821415259502544e+02 2.853803233078734252e+02
3.075010305668683941e-01 1.269849878083178965e+03 -2.470242095853213584e+02 3.135627972714823386e+02
3.125134098098670266e-01 1.229956814150943728e+03 -2.623935888062015920e+02 2.922914391694148435e+02
3.175159610161317758e-01 1.195138943060230531e+03 -2.634757165267094479e+02 2.860685683406049975e+02
3.225221298316680585e-01 1.158623450166850489e+03 -2.735948294479915148e+02 3.087251147249567111e+02
3.275181648077334917e-01 1.124181056493117694e+03 -2.774996362971902499e+02 2.790323604089750802e+02
3.325123749530831119e-01 1.091093287484125085e+03 -2.862858736299128282e+02 3.127843100717129232e+02
3.374959275080822163e-01 1.057863128095219054e+03 -2.862111953166211151e+02 2.792539678647349319e+02
3.424919127583027079e-01 1.027636863707327393e+03 -2.898993962601732619e+02 2.897531083881868312e+02
3.475179694433931377e-01 9.968899784734676359e+02 -2.949412377374068797e+02 2.996774858447506062e+02
3.525059921296424537e-01 9.685138819095284362e+02 -2.951012252708405867e+02 2.675138052235173518e+02
3.575140093809482389e-01 9.407191802464508328e+02 -3.007870970323501751e+02 2.935341273636036590e+02
3.625250121899793454e-01 9.143348434333555588e+02 -3.009127558983971085e+02 2.765683521687766415e+02
3.675230343842259551e-01 8.884387411477306387e+02 -3.035056012616095700e+02 2.820461599021035113e+02
3.725176954699416787e-01 8.643939415726619018e+02 -3.085627559096132586e+02 2.753407689321667817e+02
3.775162922269615362e-01 8.398320641331577008e+02 -3.057144157623986302e+02 2.696349484510757861e+02
3.825226775013753633e-01 8.194438302992098215e+02 -3.094484549844614207e+02 2.840592933311569368e+02
3.875129949299159771e-01 7.966191076983261610e+02 -3.087486774770303555e+02 2.682165597467029556e+02
3.924957752247189569e-01 7.758933680981118641e+02 -3.115520953201963721e+02 2.810173745092668014e+02
3.975064587042541620e-01 7.563602534259450749e+02 -3.134800083457320170e+02 2.722403867777008486e+02
