# zsnap = 0.95
# nbar = 1.8658910403e-03
# k		P0	P2	P4
# 
3.798113219970479428e-03 1.154497295463150294e+04 1.694705851342510505e+04 1.738427415404513158e+04
8.299341198366979103e-03 1.626385925330656573e+04 1.346592211309687991e+04 6.605173367194502134e+03
1.293222785829473663e-02 1.918635760550361738e+04 1.334076976666633891e+04 -3.602764045477089894e+03
1.764839540059409337e-02 1.999968390790272679e+04 1.756266049021184153e+04 6.735851672401887299e+03
2.256548624743048501e-02 1.882075580074822210e+04 1.413791174443465206e+04 -3.958737700074152599e+03
2.777643631869631743e-02 1.701443345815631983e+04 1.400847108051200485e+04 2.794012106450293231e+03
3.269804945164270227e-02 1.489765299442493779e+04 1.157331782336399374e+04 -3.316511809744523021e+02
3.761648412163143274e-02 1.300611185885465966e+04 1.024145606296093683e+04 1.644618666318691339e+03
4.263843590653317722e-02 1.149285828720502104e+04 8.748035254554521089e+03 8.430836913212375521e+02
4.756514397867390997e-02 1.033608656246891223e+04 7.745935997053048595e+03 -7.334730140652579848e+02
5.262095846540338490e-02 9.534211370181867096e+03 7.284544582870730665e+03 1.343667463721217246e+03
5.756031579008972360e-02 8.939574404278639122e+03 6.810433582741009559e+03 3.434768560666980193e+02
6.254738086573062572e-02 8.407588996332784518e+03 6.466523967344401171e+03 6.051203717688398456e+02
6.757793245805278348e-02 7.879427190030587553e+03 5.944258115294704112e+03 4.160987129057925813e+02
7.255917271873958685e-02 7.360276490150502468e+03 5.457354598691797946e+03 2.709071708942646524e+02
7.753384095836750312e-02 6.763929158855961759e+03 4.962760785640104586e+03 6.966960891823545126e+02
8.251793095580811643e-02 6.200449123180156676e+03 4.542958854541740948e+03 7.622333378805745951e+01
8.752751585855067518e-02 5.609125758316126849e+03 4.187496717981837719e+03 6.529511333648129039e+02
9.254701595891302868e-02 5.076212786719839642e+03 3.716355756360164833e+03 4.028033367506828881e+02
9.754962816585303897e-02 4.617338048542748766e+03 3.377274409117442701e+03 3.357556279417318024e+02
1.025319577549814176e-01 4.263264837569244264e+03 3.118876891046864330e+03 3.316205171323067589e+02
1.075115963337574532e-01 3.983428823768434995e+03 2.881770278782350488e+03 1.124424834809760796e+02
1.125102824869451679e-01 3.769963195026693938e+03 2.731449990405910285e+03 4.024957052048002311e+02
1.175500815351468858e-01 3.615488200351219803e+03 2.571724076314723789e+03 2.355012063974684224e+02
1.225369407693456120e-01 3.442743056161127697e+03 2.428902447052814750e+03 1.870545461657613941e+02
1.275260915928605465e-01 3.307468532403278914e+03 2.314719651582969163e+03 2.590313629853216639e+02
1.325302049517270708e-01 3.152888651305225721e+03 2.129876767275381098e+03 3.844234539438459564e+01
1.375062658167547636e-01 2.986632682251966799e+03 2.073741541967777721e+03 3.570932618250479322e+02
1.425134383761401669e-01 2.809449307996159405e+03 1.899157584437787591e+03 1.152918102104124785e+02
1.475259185391468719e-01 2.627593807437404394e+03 1.788707221251773944e+03 1.988839486025318593e+02
1.525299392618505445e-01 2.468226541992464718e+03 1.702800400902000774e+03 2.320108909884408774e+02
1.574945641255306450e-01 2.317894011977029550e+03 1.584322356076087090e+03 1.014247037414098713e+02
1.625189271701982241e-01 2.188452493585832599e+03 1.486417004354950222e+03 1.886221633146960528e+02
1.675460952755868371e-01 2.080652322462309257e+03 1.419077685251889307e+03 8.849163403793961891e+01
1.725291960336911568e-01 1.985875281301872064e+03 1.340478480904509297e+03 2.085239204718186272e+02
1.775301907015679470e-01 1.910087905931045270e+03 1.271666433126771153e+03 1.494363435425600528e+02
1.825147596880766776e-01 1.842509289115577758e+03 1.212817845394278265e+03 9.972356121871202106e+01
1.875360659894863280e-01 1.775711951378670392e+03 1.164022350338132355e+03 1.453999429540590143e+02
1.925323612841584042e-01 1.712199572283588395e+03 1.092699964001652233e+03 9.148631349453594908e+01
1.975198597713508641e-01 1.645122268909799232e+03 1.051432565796123299e+03 1.630667791677746834e+02
2.025153626490985570e-01 1.576760084074694987e+03 9.900147532813028874e+02 8.371589673055184733e+01
2.075088432181943499e-01 1.508714932754838856e+03 9.408502835589018787e+02 9.149867264143468049e+01
2.125177993514314190e-01 1.450033260322107481e+03 9.062039328242175316e+02 1.203627613954150917e+02
2.175004105537160504e-01 1.384474562217231096e+03 8.623586245731916051e+02 6.767303698421615366e+01
2.225093097263758646e-01 1.330960128030972328e+03 8.334620510985173496e+02 1.246459501889287793e+02
2.275289518807666334e-01 1.279758879553753559e+03 7.903159258253789403e+02 7.739540126978266699e+01
2.325285335280691257e-01 1.233509148094807415e+03 7.587898459041448405e+02 8.303375522685151111e+01
2.375276482184150995e-01 1.191266715718502155e+03 7.230195575836021362e+02 9.367702050213314635e+01
2.424990955345738275e-01 1.151560327135382295e+03 6.850889395249146219e+02 6.606902773070636670e+01
2.474998477592684765e-01 1.115236371372163831e+03 6.625257850201560359e+02 9.896754197796840913e+01
2.525200231637214077e-01 1.083084081354524415e+03 6.284012663542529253e+02 6.769241615039099713e+01
2.575182183021365590e-01 1.048355117556869573e+03 6.058684977909866802e+02 6.428681608614053289e+01
2.625255611121837251e-01 1.015655742371123779e+03 5.819180693263875810e+02 7.394902867814525393e+01
2.675305453620362983e-01 9.856435228749796806e+02 5.566151335993552038e+02 4.067930082498816091e+01
2.725404518957680877e-01 9.517020275260828157e+02 5.315293789286807851e+02 7.335623884377486092e+01
2.775333128253760773e-01 9.234060365197937017e+02 5.131468114593471910e+02 6.030376928476747622e+01
2.825123834702187309e-01 8.939926427562812705e+02 4.911563712246788782e+02 6.114550926678458609e+01
2.875104583320081120e-01 8.673748554770875216e+02 4.733942536823609544e+02 5.703783277125252482e+01
2.924971256070415526e-01 8.411130353036586484e+02 4.528706933256218576e+02 3.089056362947958334e+01
2.975058753683298973e-01 8.175997485207939235e+02 4.335640878806241858e+02 6.396414143985027323e+01
3.025121290118042983e-01 7.946914617063790729e+02 4.185057558754001548e+02 4.136257075813727369e+01
3.075010305668683941e-01 7.738364734630107478e+02 4.073837250737147428e+02 6.959868303947591528e+01
3.125134098098670266e-01 7.513541002508701467e+02 3.838542382797946857e+02 4.245034433239428751e+01
3.175159610161318313e-01 7.343337930454180196e+02 3.740188392141268423e+02 4.052731392345928896e+01
3.225221298316681140e-01 7.133595539357277175e+02 3.554875597147549797e+02 5.509760106990692918e+01
3.275181648077335472e-01 6.944812978142188058e+02 3.387350097695473323e+02 2.856774966872330879e+01
3.325123749530831119e-01 6.786189540828261215e+02 3.324077483575898668e+02 6.065043863344102704e+01
3.374959275080822163e-01 6.598645593901087523e+02 3.152178474503492112e+02 3.154031026434159557e+01
3.424919127583026524e-01 6.451739649756583503e+02 3.059794767095528982e+02 3.622075920686197037e+01
3.475179694433931377e-01 6.274349217917829264e+02 2.914425493300492462e+02 4.577341662548094092e+01
3.525059921296424537e-01 6.143806887616487984e+02 2.819620607360997155e+02 2.196569291060815843e+01
3.575140093809483499e-01 5.985686018131287938e+02 2.707400847303885030e+02 4.194150130977597968e+01
3.625250121899794009e-01 5.853494815688416111e+02 2.614402609782217155e+02 2.407400896553078340e+01
3.675230343842258440e-01 5.714618480509561778e+02 2.524228077089044291e+02 3.224538879229029220e+01
3.725176954699416232e-01 5.569405379176765791e+02 2.400826957261615462e+02 2.904859416445859210e+01
3.775162922269615362e-01 5.450974462784427033e+02 2.307836537554001666e+02 2.168278169027968616e+01
3.825226775013751968e-01 5.342073055939857795e+02 2.256905978539909370e+02 3.764405786799106579e+01
3.875129949299159771e-01 5.214919894953214907e+02 2.141809597771638778e+02 1.739052106843838530e+01
3.924957752247190124e-01 5.103354010812950037e+02 2.063130154099233096e+02 3.507408147742043525e+01
3.975064587042542175e-01 4.991768373722445062e+02 1.985502747170113196e+02 2.766120971750087421e+01
