# zsnap = 0.95
# nbar = 1.6407429261e-03
# k		P0	P2	P4
# 
3.798113219970479428e-03 1.150157187123225231e+04 1.734566229025506254e+04 1.772922270261254016e+04
8.299341198366979103e-03 1.664844953800980147e+04 1.422379994370104941e+04 7.378310912492899661e+03
1.293222785829473663e-02 1.950161595965771630e+04 1.322482777148048081e+04 -3.758071375186079422e+03
1.764839540059409337e-02 2.035492605863161953e+04 1.798196597267170000e+04 6.921460952704854208e+03
2.256548624743048501e-02 1.912870809714656207e+04 1.429704432966994500e+04 -4.047899878132701815e+03
2.777643631869631743e-02 1.730303829366684658e+04 1.397261067377841391e+04 2.817299185941823453e+03
3.269804945164270227e-02 1.522340930818419656e+04 1.177095810767875446e+04 -3.884485016456721951e+02
3.761648412163143274e-02 1.325946442446603032e+04 1.036709470165317725e+04 1.686621888190571099e+03
4.263843590653317722e-02 1.168827706136039524e+04 8.762936985288939468e+03 8.469495220728489357e+02
4.756514397867391691e-02 1.054552450763728302e+04 7.868597907804190072e+03 -7.292474277034704073e+02
5.262095846540338490e-02 9.714275565985604771e+03 7.374406341748668638e+03 1.336498787405176927e+03
5.756031579008973054e-02 9.116379898680994302e+03 6.904308542486553051e+03 3.447216143009869711e+02
6.254738086573062572e-02 8.565954345918566105e+03 6.521337854747273013e+03 5.728743913398014911e+02
6.757793245805278348e-02 8.023844850791697354e+03 5.973667549579740808e+03 3.588373939795702654e+02
7.255917271873958685e-02 7.487843853474671050e+03 5.524699278943079662e+03 2.816120779033284407e+02
7.753384095836750312e-02 6.876263891018101276e+03 5.031676630414312058e+03 7.283038083538654064e+02
8.251793095580811643e-02 6.310728777631227786e+03 4.596647130818877486e+03 4.144829138232162791e+01
8.752751585855066130e-02 5.701299111271053334e+03 4.265385212412225883e+03 6.868099825496443600e+02
9.254701595891305643e-02 5.159963554311047119e+03 3.757465062507653329e+03 4.253277521991278718e+02
9.754962816585305285e-02 4.688104493672093668e+03 3.425625226299702263e+03 3.443460099182009344e+02
1.025319577549814176e-01 4.329847920372580120e+03 3.164766188311504720e+03 3.402161132488679414e+02
1.075115963337574254e-01 4.054064065059464156e+03 2.931437273617666960e+03 1.224618744171682607e+02
1.125102824869451540e-01 3.829365067790694866e+03 2.770122144167945407e+03 4.033855489427233465e+02
1.175500815351469136e-01 3.667579831885928797e+03 2.602958455778566986e+03 2.484841490261989065e+02
1.225369407693456120e-01 3.498447444927810011e+03 2.476612371263587647e+03 1.972305646819617664e+02
1.275260915928605465e-01 3.361529869286461690e+03 2.339739512953990470e+03 2.564899007814954075e+02
1.325302049517270986e-01 3.201457893093295752e+03 2.164389243784514747e+03 4.731760946295481318e+01
1.375062658167547636e-01 3.030971095749841879e+03 2.111096545398479975e+03 3.717732328921684370e+02
1.425134383761401946e-01 2.854955982252639387e+03 1.919703977456221992e+03 1.086109007425491342e+02
1.475259185391468719e-01 2.668414947705203758e+03 1.817842773766879645e+03 1.940249691286128666e+02
1.525299392618505723e-01 2.499336752959603473e+03 1.741516355793526373e+03 2.331103679327929115e+02
1.574945641255306450e-01 2.348344407916549699e+03 1.613317794541933154e+03 1.136184837263115668e+02
1.625189271701981408e-01 2.217847420835460525e+03 1.521371677332724403e+03 1.981916858879771439e+02
1.675460952755868371e-01 2.108277709852284261e+03 1.446743077515119467e+03 9.381372615443045504e+01
1.725291960336911012e-01 2.014082492244380774e+03 1.377765746496405882e+03 2.108552462502082960e+02
1.775301907015679470e-01 1.933711904006696614e+03 1.296493865535581108e+03 1.534275173957994980e+02
1.825147596880766776e-01 1.862963007593562679e+03 1.229483720610012597e+03 9.612662986407329413e+01
1.875360659894863280e-01 1.796805808248005633e+03 1.193008333012614685e+03 1.538650653997313498e+02
1.925323612841584042e-01 1.732146493444455928e+03 1.121613694753531036e+03 1.026418193420426519e+02
1.975198597713508641e-01 1.663921971089016779e+03 1.069505313373049376e+03 1.620217290242339345e+02
2.025153626490985292e-01 1.596565344809059980e+03 1.008464731848806423e+03 8.443751783955549683e+01
2.075088432181942943e-01 1.527030191433084610e+03 9.612575947110599373e+02 8.911440752127327869e+01
2.125177993514314190e-01 1.464833372329598888e+03 9.246743674618477371e+02 1.165248045585539813e+02
2.175004105537160781e-01 1.400167934197022078e+03 8.890733279647131440e+02 6.991139979131526161e+01
2.225093097263758923e-01 1.341909511614286203e+03 8.523988407129536427e+02 1.238896093042642974e+02
2.275289518807667166e-01 1.290572450384876220e+03 8.084475022924202676e+02 8.367127978935563704e+01
2.325285335280690979e-01 1.243906614600501143e+03 7.777223630242930312e+02 8.779768725786179573e+01
2.375276482184150995e-01 1.198921597795546631e+03 7.427012456708779382e+02 9.873269428804236725e+01
2.424990955345738552e-01 1.160141710332011371e+03 7.047474069152958691e+02 6.466394929487213972e+01
2.474998477592684487e-01 1.125175688341496198e+03 6.871159641950644072e+02 9.983775047831917959e+01
2.525200231637214632e-01 1.088282657843899415e+03 6.475354038390548794e+02 6.952078782302834270e+01
2.575182183021365590e-01 1.053339490779375637e+03 6.246243788538314448e+02 6.535704928486164533e+01
2.625255611121836696e-01 1.022374864324852297e+03 6.012859319003720202e+02 7.427909439035248340e+01
2.675305453620362983e-01 9.900483790893848663e+02 5.704806159460052868e+02 4.669357666562115128e+01
2.725404518957680877e-01 9.561045840323151879e+02 5.488092021536723450e+02 8.190143333191306851e+01
2.775333128253761328e-01 9.284569536777136136e+02 5.321639640300265910e+02 5.908211515245872647e+01
2.825123834702187864e-01 8.976754789730580342e+02 5.060314343447873853e+02 6.090898360261621747e+01
2.875104583320081120e-01 8.724141449809549158e+02 4.902703572501738449e+02 5.399813237738314342e+01
2.924971256070414971e-01 8.437398864667507041e+02 4.685036120465516660e+02 3.269252589815453547e+01
2.975058753683298973e-01 8.197683767897111693e+02 4.508835861375109175e+02 6.915131579050769517e+01
3.025121290118042428e-01 7.948795137607535253e+02 4.322947775808057713e+02 4.429243176949948690e+01
3.075010305668683941e-01 7.739874666729898536e+02 4.210287727377262286e+02 7.336003971653148881e+01
3.125134098098669710e-01 7.514979935098268697e+02 3.982771110944052566e+02 4.238725788500804015e+01
3.175159610161318313e-01 7.341552608065733239e+02 3.868660567883109707e+02 4.209288982197598727e+01
3.225221298316681140e-01 7.137729318134994401e+02 3.710338308539024865e+02 5.051069217924599997e+01
3.275181648077335472e-01 6.943697418374307517e+02 3.564583614573213595e+02 3.048006724639044407e+01
3.325123749530831674e-01 6.764245981307900593e+02 3.431577441264794288e+02 6.164682811449896604e+01
3.374959275080822718e-01 6.584970586945518107e+02 3.316249164823153706e+02 2.855201465620661239e+01
3.424919127583026524e-01 6.437712455573076795e+02 3.195964238066605390e+02 3.652069520522283597e+01
3.475179694433930266e-01 6.242280092058080072e+02 3.062442634598813811e+02 4.459746181184525682e+01
3.525059921296425092e-01 6.117237888959775773e+02 2.957117529255558566e+02 1.895978809791669306e+01
3.575140093809483499e-01 5.956845857921214247e+02 2.854079404162595779e+02 4.500519744832065072e+01
3.625250121899793454e-01 5.827429562364249023e+02 2.759572426220345847e+02 2.564532461632008165e+01
3.675230343842258440e-01 5.674858449578993032e+02 2.632029339052376145e+02 3.563048751470451947e+01
3.725176954699416232e-01 5.529647103494758085e+02 2.507426280318237275e+02 2.780386646808561935e+01
3.775162922269615362e-01 5.408476588742597642e+02 2.424429531358760812e+02 2.102267188284382016e+01
3.825226775013751968e-01 5.299690193679277854e+02 2.368526662001075636e+02 3.872757798954782515e+01
3.875129949299159215e-01 5.167675136290528144e+02 2.256244870381836449e+02 1.775457556499035405e+01
3.924957752247190124e-01 5.057094490010791787e+02 2.197255302711828620e+02 3.492657479754601013e+01
3.975064587042539954e-01 4.936637495694210997e+02 2.120544744974902756e+02 2.553502654199126454e+01
