# zsnap = 1.4
# nbar = 3.2046577689e-03
# k		P0	P2	P4
# 
3.798113219970479428e-03 2.127140685157110784e+04 2.319008891328196114e+04 2.796855259950998152e+04
8.299341198366979103e-03 3.342668980185616965e+04 1.620947078481797143e+04 1.110149373873968580e+04
1.293222785829473663e-02 3.908550927394273458e+04 1.672087715978740016e+04 -7.547327989541182433e+03
1.764839540059409337e-02 4.072069301760748931e+04 2.216541929866387363e+04 1.118335152250190549e+04
2.256548624743048501e-02 3.843713866888934717e+04 1.756169575071888175e+04 -8.214058495118331848e+03
2.777643631869631743e-02 3.458220153112234402e+04 1.677090887668139476e+04 3.803233346175548377e+03
3.269804945164270227e-02 3.025026753249071407e+04 1.420566509429420330e+04 -2.155225635516446800e+03
3.761648412163143274e-02 2.640707439933946807e+04 1.197600794810935622e+04 2.188915107863876074e+03
4.263843590653317722e-02 2.325233567301912626e+04 9.937897185427609656e+03 5.282426698616120575e+02
4.756514397867390997e-02 2.087210608492236133e+04 8.891547723540794323e+03 -2.153646644450501299e+03
5.262095846540338490e-02 1.924383995363205031e+04 7.916681672298120247e+03 1.422192860694821547e+03
5.756031579008971666e-02 1.798993022008805929e+04 7.349150078542671508e+03 -2.988598352620710941e+01
6.254738086573062572e-02 1.683019495841969911e+04 6.824928150273297433e+03 3.998549051394386993e+02
6.757793245805278348e-02 1.577386023328606279e+04 6.157617979315336925e+03 1.273153813322856678e+02
7.255917271873958685e-02 1.465435818953778289e+04 5.475321199188040737e+03 8.300570928300021478e+01
7.753384095836750312e-02 1.346852001213756921e+04 4.736273109720982575e+03 6.996568004968320338e+02
8.251793095580811643e-02 1.227183387512827721e+04 4.230276732669789453e+03 -3.500629649732955500e+02
8.752751585855067518e-02 1.103896112872995218e+04 3.925877204094603258e+03 6.814226573098748077e+02
9.254701595891305643e-02 9.958888357849215026e+03 3.272855666928199753e+03 3.080373594740520389e+02
9.754962816585303897e-02 9.007257122442175387e+03 2.881729685253215848e+03 2.442456228967768368e+02
1.025319577549814176e-01 8.280380301602235704e+03 2.577122011632835893e+03 2.802903326660073162e+02
1.075115963337574115e-01 7.724429869021664672e+03 2.336906335434895482e+03 -2.060882561012058289e+01
1.125102824869451679e-01 7.270599461148389310e+03 2.069898568167105623e+03 4.953885735213914359e+02
1.175500815351469136e-01 6.946368214454078043e+03 1.883237122480780499e+03 2.456475089550263533e+02
1.225369407693456120e-01 6.613018044160507998e+03 1.720559339000388036e+03 1.704821240240443956e+02
1.275260915928605743e-01 6.339990374215124575e+03 1.513121710962375573e+03 3.076504945735819092e+02
1.325302049517270708e-01 6.023626420900784069e+03 1.288443443554270289e+03 2.003984555685854119e+01
1.375062658167547913e-01 5.683245507173066471e+03 1.227683494781147374e+03 5.435601934023799231e+02
1.425134383761401669e-01 5.324490331801466709e+03 1.061796320556127284e+03 1.749762325385883344e+02
1.475259185391468719e-01 4.960767115332871072e+03 9.380053543517875596e+02 3.123695577147539666e+02
1.525299392618505445e-01 4.617992035078110348e+03 9.075845610095429947e+02 3.541953659226362561e+02
1.574945641255306450e-01 4.317763960911466711e+03 7.868234830478302229e+02 2.120596078387513899e+02
1.625189271701981408e-01 4.057949052557261439e+03 6.717973062622286307e+02 3.532889518282588028e+02
1.675460952755868371e-01 3.840630516444978639e+03 6.122154773751201446e+02 1.935478232456348735e+02
1.725291960336911012e-01 3.653058368891802274e+03 5.315071445371709160e+02 3.838867798232224118e+02
1.775301907015679470e-01 3.498537106719190433e+03 4.473876817778959207e+02 3.144825177943528161e+02
1.825147596880766498e-01 3.371227406528143547e+03 3.950372878463988400e+02 2.686088189341537031e+02
1.875360659894863280e-01 3.244913403565687531e+03 3.370449275534111280e+02 3.392516923310962511e+02
1.925323612841584320e-01 3.115540186991276641e+03 2.681540281110176238e+02 2.773900178896346347e+02
1.975198597713508641e-01 2.986898942984956193e+03 2.124988789467490733e+02 3.842682075864390754e+02
2.025153626490985292e-01 2.857100464324405948e+03 1.798867474625863849e+02 2.939438834336563104e+02
2.075088432181943499e-01 2.720238530479042311e+03 1.431824775622658592e+02 2.966043963461410726e+02
2.125177993514314190e-01 2.596519131572215883e+03 1.089354326413629650e+02 3.327915410867080368e+02
2.175004105537159949e-01 2.469904346525501296e+03 9.767750443251485137e+01 2.692618515560678247e+02
2.225093097263759478e-01 2.358335047047076387e+03 7.045142743182340439e+01 3.502565639584807400e+02
2.275289518807666334e-01 2.255902123153016873e+03 4.862320558419880712e+01 2.914614903857475383e+02
2.325285335280690979e-01 2.165573411603108525e+03 1.837614744458262450e+01 3.079792375008860859e+02
2.375276482184151550e-01 2.083182455055362425e+03 -1.022821671929051845e+01 3.247997960377329036e+02
2.424990955345738275e-01 2.010707833846966423e+03 -4.061783179421094303e+01 2.966538885735226359e+02
2.474998477592684487e-01 1.939731976507922127e+03 -5.703413245366933637e+01 3.373165161045261016e+02
2.525200231637214077e-01 1.874195970277624383e+03 -8.852080962028743727e+01 3.047463090285362455e+02
2.575182183021365034e-01 1.808254507909987524e+03 -1.070626054182980766e+02 3.020785297697511282e+02
2.625255611121836696e-01 1.748375677077134242e+03 -1.226248109271848108e+02 3.214807452910208099e+02
2.675305453620362983e-01 1.685955903600655802e+03 -1.354361352928818576e+02 2.812588522030148965e+02
2.725404518957680877e-01 1.623190489486260958e+03 -1.558607878924157149e+02 3.259173101890415865e+02
2.775333128253761883e-01 1.565144941467860690e+03 -1.612199975591389602e+02 3.033336204734421244e+02
2.825123834702187864e-01 1.511496209952835670e+03 -1.702114415314953533e+02 3.063163598988375611e+02
2.875104583320080565e-01 1.458835851034008556e+03 -1.840584574409948857e+02 3.054229996841055481e+02
2.924971256070414416e-01 1.408341699716495441e+03 -1.878787809937500413e+02 2.751823126216015680e+02
2.975058753683298973e-01 1.362499066869949729e+03 -2.001655745955972918e+02 3.119389041229001123e+02
3.025121290118042428e-01 1.317002940857912563e+03 -2.060503295586387367e+02 2.826163030809672136e+02
3.075010305668683941e-01 1.276162084408152396e+03 -2.134707247500303424e+02 3.111858069416773560e+02
3.125134098098669710e-01 1.236217964473145912e+03 -2.302568679355611323e+02 2.882033135261182792e+02
3.175159610161318313e-01 1.201377509852399726e+03 -2.314079274335818184e+02 2.821430366335248436e+02
3.225221298316681140e-01 1.165121920027432452e+03 -2.416766124477244375e+02 3.033000332402096433e+02
3.275181648077334917e-01 1.130137047994410750e+03 -2.466474554674249191e+02 2.737977212281222137e+02
3.325123749530831119e-01 1.096983639000009816e+03 -2.569974892837776110e+02 3.078295963701698383e+02
3.374959275080821053e-01 1.063271669987700989e+03 -2.580708719361131784e+02 2.732689865141750829e+02
3.424919127583025413e-01 1.033244674591308922e+03 -2.625836913116677351e+02 2.817299263969930507e+02
3.475179694433930266e-01 1.001898374011119472e+03 -2.691229050990017413e+02 2.921328656426383645e+02
3.525059921296425092e-01 9.732739410447800310e+02 -2.697654598329816622e+02 2.597144401843994501e+02
3.575140093809483499e-01 9.451553294801955190e+02 -2.773602430824072940e+02 2.842758884493870823e+02
3.625250121899794009e-01 9.185707546235328209e+02 -2.775399793594868356e+02 2.675818807864781661e+02
3.675230343842258440e-01 8.928222175292659131e+02 -2.809239519302648773e+02 2.726360696796480738e+02
3.725176954699416232e-01 8.686966988302384607e+02 -2.862868365928031835e+02 2.668247664140756115e+02
3.775162922269615362e-01 8.438345522225012019e+02 -2.854160808668518712e+02 2.593583271158628349e+02
3.825226775013752523e-01 8.231458291793061335e+02 -2.902777610936479959e+02 2.735551897072963925e+02
3.875129949299159771e-01 8.001355640011262267e+02 -2.902538165442015270e+02 2.566060874661668549e+02
3.924957752247190124e-01 7.793996011147598892e+02 -2.933312469837774188e+02 2.691704377683299185e+02
3.975064587042541620e-01 7.592923647620070824e+02 -2.969996636289770890e+02 2.607014477886079362e+02
